0.005000
0.000000
0.000000
0.000000
0.000000
0.001000
0.000000
0.001000
0.000000
0.001000
0.000000
0.000000
0.000000
0.001000
0.000000
0.001000
0.001000
0.001000
0.001000
0.001000
0.001000
0.001000
0.001000
0.001000
0.002000
0.001000
0.002000
0.002000
0.002000
0.002000
0.002000
0.002000
0.002000
0.003000
0.003000
0.003000
0.003000
0.003000
0.003000
0.004000
0.004000
0.004000
0.004000
0.004000
0.005000
0.005000
0.005000
0.005000
0.005000
0.006000
0.006000
0.006000
0.005000
0.006000
0.006000
0.008000
0.007000
0.006000
0.007000
0.007000
0.008000
0.007000
0.008000
0.008000
0.009000
0.009000
0.009000
0.009000
0.009000
0.010000
0.010000
0.011000
0.011000
0.011000
0.011000
0.012000
0.012000
0.013000
0.012000
0.012000
0.014000
0.014000
0.014000
0.015000
0.014000
0.015000
0.016000
0.015000
0.015000
0.017000
0.016000
0.016000
0.018000
0.018000
0.018000
0.019000
0.020000
0.020000
0.019000
0.020000
0.020000
0.021000
0.022000
0.022000
0.021000
0.022000
0.023000
0.023000
0.025000
0.024000
0.024000
0.025000
0.025000
0.027000
0.027000
0.027000
0.028000
0.028000
0.028000
0.028000
0.028000
0.029000
0.029000
0.030000
0.030000
0.031000
0.031000
0.031000
0.033000
0.033000
0.034000
0.034000
0.035000
0.036000
0.037000
0.037000
0.036000
0.037000
0.038000
0.039000
0.039000
0.040000
0.041000
0.041000
0.042000
0.043000
0.042000
0.042000
0.043000
0.044000
0.045000
0.046000
0.046000
0.046000
0.048000
0.049000
0.048000
0.048000
0.050000
0.051000
0.051000
0.051000
0.052000
0.053000
0.053000
0.054000
0.055000
0.056000
0.055000
0.058000
0.058000
0.057000
0.060000
0.059000
0.060000
0.061000
0.062000
0.062000
0.063000
0.063000
0.066000
0.064000
0.066000
0.067000
0.067000
0.068000
0.068000
0.069000
0.069000
0.072000
0.070000
0.072000
0.072000
0.074000
0.074000
0.076000
0.076000
0.077000
0.085000
0.079000
0.080000
0.079000
0.081000
0.082000
0.082000
0.083000
0.082000
0.085000
0.086000
0.086000
0.087000
0.087000
0.089000
0.090000
0.090000
0.091000
0.092000
0.093000
0.093000
0.095000
0.096000
0.096000
0.098000
0.098000
0.099000
0.100000
0.100000
0.102000
0.102000
0.102000
0.103000
0.105000
0.106000
0.107000
0.108000
0.109000
0.110000
0.111000
0.111000
0.112000
0.113000
0.114000
0.115000
0.121000
0.124000
0.126000
0.127000
0.127000
0.121000
0.121000
0.122000
0.124000
0.125000
0.126000
0.127000
0.127000
0.128000
0.129000
0.132000
0.133000
0.132000
0.133000
0.134000
0.135000
0.136000
0.137000
0.138000
0.139000
0.140000
0.142000
0.143000
0.144000
0.145000
0.147000
0.147000
0.148000
0.150000
0.150000
0.151000
0.154000
0.153000
0.154000
0.155000
0.157000
0.157000
0.159000
0.161000
0.160000
0.171000
0.169000
0.165000
0.165000
0.167000
0.167000
0.170000
0.170000
0.171000
0.172000
0.174000
0.176000
0.176000
0.177000
0.178000
0.178000
0.181000
0.181000
0.183000
0.184000
0.185000
0.186000
0.188000
0.189000
0.190000
0.191000
0.192000
0.195000
0.194000
0.195000
0.197000
0.198000
0.200000
0.201000
0.202000
0.203000
0.204000
0.207000
0.206000
0.209000
0.208000
0.211000
0.211000
0.213000
0.215000
0.216000
0.216000
0.220000
0.220000
0.223000
0.222000
0.224000
0.226000
0.226000
0.227000
0.229000
0.231000
0.231000
0.233000
0.235000
0.235000
0.236000
0.240000
0.239000
0.242000
0.242000
0.244000
0.246000
0.246000
0.247000
0.249000
0.251000
0.252000
0.254000
0.254000
0.255000
0.257000
0.260000
0.261000
0.262000
0.264000
0.265000
0.265000
0.267000
0.268000
0.270000
0.271000
0.274000
0.276000
0.277000
0.279000
0.280000
0.281000
0.282000
0.283000
0.286000
0.287000
0.289000
0.290000
0.292000
0.293000
0.294000
0.296000
0.298000
0.298000
0.300000
0.300000
0.302000
0.304000
0.306000
0.308000
0.310000
0.311000
0.312000
0.314000
0.314000
0.317000
0.319000
0.321000
0.321000
0.322000
0.324000
0.326000
0.328000
0.329000
0.330000
0.333000
0.334000
0.335000
0.336000
0.338000
0.341000
0.342000
0.344000
0.346000
0.347000
0.348000
0.351000
0.353000
0.353000
0.357000
0.357000
0.359000
0.361000
0.360000
0.363000
0.365000
0.366000
0.369000
0.369000
0.372000
0.375000
0.374000
0.378000
0.378000
0.380000
0.382000
0.384000
0.385000
0.387000
0.387000
0.392000
0.391000
0.394000
0.396000
0.398000
0.399000
0.402000
0.424000
0.403000
0.408000
0.408000
0.412000
0.416000
0.412000
0.415000
0.417000
0.420000
0.422000
0.422000
0.424000
0.425000
0.428000
0.429000
0.431000
0.433000
0.435000
0.437000
0.439000
0.439000
0.442000
0.460000
0.446000
0.448000
0.448000
0.452000
0.454000
0.455000
0.456000
0.459000
0.467000
0.463000
0.464000
0.465000
0.469000
0.470000
0.473000
0.473000
0.477000
0.478000
0.480000
0.481000
0.484000
0.490000
0.500000
0.501000
0.505000
0.499000
0.495000
0.497000
0.498000
0.501000
0.502000
0.504000
0.506000
0.509000
0.510000
0.513000
0.514000
0.517000
0.519000
0.523000
0.521000
0.524000
0.526000
0.528000
0.530000
0.532000
0.536000
0.536000
0.538000
0.542000
0.542000
0.545000
0.547000
0.548000
0.550000
0.552000
0.562000
0.557000
0.559000
0.577000
0.575000
0.593000
0.573000
0.568000
0.571000
0.573000
0.581000
0.579000
0.585000
0.595000
0.597000
0.600000
0.602000
0.596000
0.781000
0.597000
0.597000
0.621000
0.635000
0.611000
0.654000
0.666000
0.610000
0.628000
0.633000
0.644000
0.618000
0.622000
0.621000
0.626000
0.627000
0.630000
0.631000
0.633000
0.636000
0.644000
0.641000
0.642000
0.645000
0.646000
0.648000
0.653000
0.653000
0.656000
0.657000
0.661000
0.662000
0.668000
0.668000
0.668000
0.672000
0.674000
0.691000
0.708000
0.684000
0.683000
0.684000
0.689000
0.691000
0.707000
0.723000
0.699000
0.705000
0.700000
0.703000
0.706000
0.708000
0.711000
0.712000
0.714000
0.718000
0.736000
0.745000
0.749000
0.743000
0.729000
0.733000
0.734000
0.735000
0.738000
0.741000
0.742000
0.745000
0.748000
0.750000
0.753000
0.777000
0.788000
0.777000
0.761000
0.781000
0.777000
0.771000
0.790000
0.782000
0.777000
0.791000
0.796000
0.784000
0.787000
0.789000
0.799000
0.793000
0.797000
0.798000
0.802000
0.804000
0.813000
0.827000
0.828000
0.813000
0.815000
0.818000
0.822000
0.826000
0.827000
0.829000
0.831000
0.832000
0.836000
0.839000
0.844000
0.866000
0.879000
0.854000
0.852000
0.856000
0.858000
0.859000
0.861000
0.865000
0.867000
0.869000
0.871000
0.875000
0.877000
0.880000
0.904000
0.909000
0.897000
0.891000
0.894000
0.894000
0.898000
0.902000
0.902000
0.922000
0.940000
0.922000
0.914000
0.917000
0.919000
0.929000
0.936000
0.958000
0.930000
0.932000
0.935000
0.960000
0.977000
0.956000
0.952000
0.949000
0.953000
0.954000
0.958000
0.979000
1.005000
0.966000
0.968000
0.971000
0.972000
0.976000
0.978000
0.982000
0.983000
0.989000
0.991000
0.995000
1.021000
1.023000
1.014000
1.004000
1.005000
1.008000
1.013000
1.014000
1.032000
1.039000
1.051000
1.033000
1.029000
1.032000
1.033000
1.037000
1.040000
1.062000
1.071000
1.047000
1.051000
1.074000
1.083000
1.084000
1.065000
1.065000
1.083000
1.087000
1.074000
1.076000
1.113000
1.108000
1.085000
1.088000
1.092000
1.094000
1.097000
1.106000
1.102000
1.105000
1.120000
1.131000
1.121000
1.143000
1.143000
1.122000
1.125000
1.130000
1.134000
1.133000
1.137000
1.140000
1.144000
1.163000
1.164000
1.163000
1.171000
1.177000
1.173000
1.164000
1.166000
1.170000
1.173000
1.176000
1.179000
1.181000
1.184000
1.188000
1.190000
1.194000
1.197000
1.208000
1.235000
1.211000
1.221000
1.227000
1.238000
1.244000
1.222000
1.224000
1.226000
1.230000
1.234000
1.236000
1.271000
1.241000
1.245000
1.248000
1.273000
1.286000
1.286000
1.268000
1.265000
1.267000
1.270000
1.273000
1.277000
1.279000
1.299000
1.303000
1.297000
1.340000
1.366000
1.314000
1.346000
1.325000
1.313000
1.313000
1.315000
1.317000
1.322000
1.323000
1.328000
1.331000
1.334000
1.338000
1.340000
1.359000
1.367000
1.350000
1.352000
1.356000
1.359000
1.379000
1.386000
1.371000
1.372000
1.376000
1.380000
1.384000
1.421000
1.430000
1.391000
1.396000
1.397000
1.400000
1.449000
1.426000
1.412000
1.414000
1.416000
1.427000
1.655000
1.427000
1.430000
1.434000
1.437000
1.439000
1.446000
1.446000
1.451000
1.453000
1.474000
1.477000
1.462000
1.467000
1.473000
1.473000
1.477000
1.482000
1.484000
1.486000
1.493000
1.547000
1.521000
1.512000
1.503000
1.506000
1.511000
1.538000
1.519000
1.564000
1.552000
1.530000
1.564000
1.556000
1.539000
1.542000
1.547000
1.581000
1.554000
1.555000
1.608000
1.571000
1.567000
1.569000
1.573000
1.576000
1.580000
1.583000
1.587000
1.610000
1.864000
1.794000
1.808000
1.806000
1.718000
1.817000
1.782000
1.803000
1.831000
1.814000
1.862000
1.822000
1.855000
1.729000
1.806000
1.777000
1.775000
1.785000
1.671000
1.766000
1.695000
1.711000
1.685000
1.704000
1.678000
1.682000
1.689000
1.755000
1.812000
1.748000
1.760000
1.704000
1.711000
1.716000
1.717000
1.717000
1.722000
1.725000
1.727000
1.736000
1.735000
1.740000
1.753000
1.746000
1.752000
1.754000
1.760000
1.761000
1.766000
1.770000
1.782000
1.776000
1.782000
1.783000
1.789000
1.793000
1.794000
1.801000
1.802000
1.807000
1.829000
1.887000
1.819000
1.821000
1.826000
1.869000
1.843000
1.838000
1.842000
1.843000
1.849000
1.851000
1.853000
1.858000
1.863000
1.868000
1.923000
1.917000
1.876000
1.879000
1.919000
1.899000
1.891000
1.899000
1.940000
1.944000
1.908000
1.912000
1.918000
